289,79,-0.420194391032
271,24,-0.30478191109
61,251,-0.831791475782
170,4,-0.936461974251
68,261,0.762538949168
48,128,0.0707522360803
146,195,0.99060323339
241,90,-0.905591148197
3,108,-0.864551448611
51,67,-0.981952169044
274,237,0.881770400761
282,169,-0.983582306028
146,52,-0.0795785916643
182,298,0.616016713764
247,66,-0.916509490201
234,208,0.821800661502
156,94,-0.970528019542
146,113,0.983593183947
6,43,-0.953752652759
110,75,0.346621180094
130,255,0.988026973834
33,191,-0.811620997365
150,123,0.313200154871
277,174,-0.983582306028
39,11,-0.262374853704
163,110,0.313200154871
156,272,0.676794148633
127,56,0.708680408239
6,161,-0.475550186872
215,26,0.784961713276
66,164,-0.616064204053
277,156,-0.513952597834
123,182,-0.262403941862
113,70,0.708680408239
288,267,0.87328261086
107,91,-0.0795785916643
198,63,-0.245281209082
220,125,-0.543995817374
172,96,-0.821835011013
291,198,-0.885910834236
94,7,0.452025787178
280,191,-0.236632105238
46,94,0.98023965944
36,22,0.992872648085
235,280,-0.219395848565
94,280,-0.149907013456
227,198,-0.773909772204
201,93,-0.966109989263
9,258,0.0353681772562
1,153,-0.0619203372561
78,202,-0.387809420829
80,200,-0.387809420829
184,128,-0.831791475782
133,86,-0.790414741493
94,93,-0.997171023392
71,170,0.784961713276
296,105,-0.901775319514
64,256,-0.428155428084
197,69,0.860054026465
58,287,-0.543995817374
295,235,0.801116553894
130,128,0.379635626829
122,283,0.262345765308
131,284,0.304839330837
95,36,-0.811603387137
94,52,0.996469173122
61,199,0.683239703816
11,88,-0.999206834186
154,45,-0.881798836068
123,36,0.939519731713
98,275,0.75096734161
194,260,0.999205633358
75,115,0.997799278681
203,153,-0.841487271489
245,35,-0.387809420829
273,52,-0.988036273454
198,153,-0.7567827913
70,281,-0.7567827913
114,25,0.696080131225
267,217,0.193502966742
205,132,-0.751007151251
110,263,0.75096734161
90,167,-0.573357174816
277,254,-0.0707823048574
158,88,0.816759999623
181,45,-0.193443817159
300,283,-0.972616056845
84,260,-0.999990339506
290,38,0.956384734305
189,187,-0.836639127212
123,66,0.483317953668
131,74,-0.714897507768
300,200,-0.467771805322
113,79,-0.354938357652
94,191,0.773871590208
267,137,0.953743591158
21,128,-0.974648648094
80,244,-0.404065219456
141,244,0.988026973834
139,127,0.860054026465
191,161,0.141149850679
223,279,-0.609020113022
13,86,-0.999206834186
128,67,0.219454667994
241,249,-0.0883386596402
102,123,-0.930094878005
209,230,-0.733169820872
161,180,0.99060323339
98,7,-0.970535283537
276,237,-0.795842349412
167,53,0.0883987124875
208,287,-0.980233696033
181,268,0.245222761631
56,102,0.795824096527
16,22,0.296368578709
127,150,0.514004313674
165,26,0.594908548461
124,97,0.885938797879
103,74,0.877589787777
37,167,0.202120359313
88,56,-0.491021593898
123,218,0.99060323339
160,48,0.609067930191
42,141,0.708680408239
45,50,0.683261714736
58,242,-0.999755839901
19,51,0.773890681558
7,286,-0.739200998751
22,192,0.363199451376
257,277,-0.0706920983334
184,105,-0.0265210202858
188,246,0.444139676971
170,124,-0.966109989263
59,271,-0.132381629205
177,215,0.643515060153
195,266,0.727121806057
60,261,0.529108265482
186,93,0.566082787706
173,214,-0.551451828115
37,52,0.860069405812
115,51,0.483291563728
173,208,-0.762577951098
216,67,0.25385251979
28,89,-0.689697940935
49,267,0.963787348067
81,145,-0.193443817159
41,230,0.733210818609
167,291,-0.622965051315
68,63,-0.811603387137
5,249,0.451998898063
3,116,-0.371404101438
116,230,0.412145950487
229,291,-0.997795279313
151,294,-0.893983156305
115,237,0.141149850679
252,257,0.0619504237371
215,132,0.989362632178
296,179,-0.580635726907
218,155,0.75096734161
74,12,-0.923458447004
45,181,-0.193443817159
174,76,-0.970528019542
173,178,-0.7567827913
60,200,0.683239703816
168,64,-0.459876723232
49,188,-0.981957869782
74,171,-0.0442125632286
99,221,-0.428155428084
294,296,-0.580562097239
194,285,0.995689783115
116,167,0.25385251979
54,96,-0.714876429629
89,17,-0.727142500081
96,79,-0.801134595178
242,11,0.994823728671
279,27,-0.953761713494
261,45,-0.953761713494
2,235,-0.981957869782
252,139,0.991782710375
282,48,-0.132381629205
65,278,-0.536598355189
281,130,0.521525282082
245,107,0.141149850679
73,153,-0.193443817159
36,252,-0.855504370751
288,267,0.87328261086
132,157,-0.0265210202858
61,297,-0.141090165312
128,144,0.968356938435
137,85,0.868950838216
173,249,0.855535586422
12,107,-0.371404101438
275,44,-0.99177499561
80,286,0.999990072687
180,208,-0.999911459434
217,47,0.106017486267
190,60,-0.970528019542
56,41,0.379607739028
245,52,0.992869055025
118,237,-3.01443533595e-05
272,225,0.587819393981
143,65,0.609067930191
93,145,-0.68967611318
126,282,-0.395897468961
139,194,-0.00882116611389
259,12,0.733210818609
75,65,0.98023965944
122,153,-0.99388532592
204,135,-0.287874448508
293,163,-0.452052675883
180,134,-0.158592906029
283,151,0.444139676971
277,236,-0.795842349412
1,296,0.992869055025
78,207,0.773871590208
208,232,0.176105293266
140,162,0.395952831043
102,75,0.877589787777
300,296,-0.784943037158
31,178,0.996466641766
6,105,-0.864551448611
20,236,-0.999208034107
26,186,-0.998347093797
3,176,0.070722167239
205,125,-0.132381629205
1,44,0.850903524534
58,140,-0.0795785916643
33,233,0.860054026465
151,125,-0.444085660041
189,92,-0.985151436329
294,6,-0.999755839901
232,42,-0.629911406685
192,66,0.379635626829
282,241,0.99717555325
299,89,-0.999911459434
228,14,-0.0972119075182
158,177,0.912932948943
209,19,0.972623062486
33,271,0.670206803781
39,102,0.363171365373
251,233,0.193502966742
55,57,-0.889995604367
80,80,0.219425258379
198,91,-0.0265210202858
212,31,-0.890009348856
19,165,0.976584383291
140,263,0.768273957712
158,229,-0.551451828115
267,273,-0.346592904377
15,32,0.123573122745
8,222,-0.616064204053
248,240,-0.868980673423
287,169,-0.452052675883
163,99,-0.948291709522
20,133,0.806400580775
275,91,0.999990072687
36,179,0.980245621957
197,63,0.683239703816
215,227,0.821800661502
192,203,-0.745093055724
252,215,0.889981859069
241,138,0.905565574993
265,175,0.176105293266
262,62,-0.404065219456
52,71,-0.45990349069
42,244,-0.114814758842
74,30,-0.321622403163
132,45,0.877589787777
120,120,0.945445154921
113,12,-0.616040459189
107,233,0.650310740163
299,71,-0.650264939561
107,247,0.841454697362
300,225,-0.346677730585
68,47,0.945435334025
239,81,-0.428155428084
37,96,0.868965756214
55,72,0.972630067242
193,49,-0.0972119075182
176,180,-0.841487271489
292,120,-0.436191880953
107,271,0.846236465698
162,41,0.933309700167
58,165,0.0530534852699
101,58,0.939519731713
110,233,-0.536598355189
233,54,-0.897940948108
13,286,-0.521576721618
212,225,-0.313257409711
188,46,0.998816691203
157,261,-0.167385419442
1,242,-0.890009348856
232,12,-0.864536299344
278,29,-0.768235364237
6,135,0.363171365373
188,64,0.623012211004
111,162,0.313200154871
19,131,-0.714876429629
292,259,-0.939540378573
58,76,0.88592481646
124,122,0.816759999623
274,12,-0.114814758842
179,45,-0.811620997365
89,264,0.90930997089
155,190,-0.543995817374
18,153,0.976590867944
220,286,-0.202179403335
165,250,0.304839330837
159,262,0.0265812877381
255,97,0.141149850679
129,175,0.670206803781
273,224,0.587819393981
164,26,0.997799278681
124,206,-0.132381629205
143,15,0.795824096527
62,267,0.762538949168
27,51,0.513978455988
18,221,0.236690681275
127,106,0.498739281803
297,7,0.670206803781
231,154,0.988026973834
262,116,0.846236465698
199,166,0.544046403911
1,59,-0.304810621102
95,215,0.850887688656
42,46,0.0353983027337
136,282,-0.167385419442
159,21,-0.801152635734
247,218,0.0442727929014
256,283,-0.97657789775
119,28,0.609044021883
120,145,0.894010170084
274,162,0.629864581292
202,77,0.566082787706
187,242,0.985141083712
60,28,0.0353983027337
105,83,-0.475523669012
93,169,-0.948291709522
263,6,-0.923446880243
258,143,-0.901775319514
104,150,0.451998898063
1,236,-0.981957869782
280,114,-0.963803423625
256,21,0.514004313674
293,299,0.981963569628
112,207,-0.99177499561
151,178,0.762538949168
18,211,0.329962369732
24,142,0.483291563728
158,234,0.643515060153
285,215,-0.467771805322
43,180,0.0530534852699
288,271,-0.202090837026
197,145,0.420139682239
100,98,-0.0795785916643
237,235,0.689719768064
211,29,0.945445154921
24,42,-0.026551154024
236,204,0.176105293266
270,46,0.963787348067
295,243,-0.708701675652
258,125,-0.270876771053
152,52,0.202120359313
264,52,0.963787348067
80,128,0.609067930191
219,287,-0.202179403335
70,15,-0.176075619949
95,29,-0.995686986889
199,2,-0.0618902507187
47,235,-0.676749764526
71,186,-0.573357174816
32,48,-0.993888653923
95,224,-0.99177499561
146,81,0.721058597071
266,238,0.974655392178
124,209,-0.00882116611389
217,151,-0.420194391032
300,15,0.745133264557
216,259,-0.580635726907
77,193,-0.176045946471
294,268,0.33827666045
44,157,-0.0618902507187
113,215,0.956384734305
185,90,-0.99388532592
146,25,0.976590867944
187,163,-0.958932825041
92,117,0.996466641766
18,3,0.836655638536
127,129,-0.999208034107
265,260,-0.346677730585
45,230,-0.99388532592
92,181,0.313200154871
289,292,0.193414242104
299,144,-0.035428428179
4,10,0.990607355695
205,269,0.371376113102
204,38,-0.0972119075182
165,165,-0.132381629205
222,201,0.897914412455
205,242,0.779484953024
61,76,-0.942514454558
158,236,-0.963803423625
118,225,-0.536598355189
92,154,0.816759999623
28,162,0.997799278681
136,166,0.395952831043
207,74,-0.985151436329
208,181,-0.529057106277
114,72,-0.602023937555
75,68,-0.998345360874
228,213,0.923470012926
19,33,0.98662759204
282,214,-0.36314327904
249,297,-0.594884318359
278,143,0.0265812877381
262,146,-0.395897468961
231,128,0.756822198628
300,175,-0.580635726907
236,223,0.32165094574
114,160,-0.629911406685
71,38,0.816742606636
56,268,-0.404065219456
70,10,-0.993888653923
107,149,-0.999208034107
1,299,-0.999755839901
155,71,-0.193443817159
232,76,0.123603036
127,190,0.296339788497
123,111,0.998816691203
20,264,0.951063968113
219,12,-0.995684189758
230,253,-0.721016823278
165,220,0.988026973834
94,147,0.784961713276
4,43,0.123573122745
142,260,-0.123543209378
75,16,0.105987511751
40,262,0.395952831043
242,160,-0.123543209378
72,161,0.498739281803
278,191,-0.784999063373
153,124,0.514004313674
24,31,-0.999755173359
224,247,-0.236632105238
207,112,-0.99177499561
108,167,-0.99388532592
59,19,0.513978455988
165,259,0.11475486862
208,210,-0.167385419442
14,80,-0.245251985468
182,128,0.850887688656
152,161,-0.916509490201
192,173,0.544046403911
165,13,0.877575335804
244,22,0.860054026465
186,98,0.951063968113
40,280,-0.428155428084
271,249,-0.997795279313
81,279,0.958915723414
277,247,0.601975797253
231,152,-0.270876771053
195,102,0.992869055025
161,79,0.945445154921
45,23,-0.897927680689
278,160,-0.968371982886
119,258,0.00888145245888
284,159,-0.035428428179
132,84,0.696058488345
177,116,-0.739200998751
221,104,-0.988036273454
298,153,-0.983582306028
245,141,0.404010070823
264,50,-0.158592906029
134,251,0.988026973834
43,261,0.670206803781
217,55,0.968356938435
254,75,0.762538949168
40,24,0.920026038197
104,170,-0.629911406685
227,240,0.889981859069
241,180,0.0265812877381
34,205,0.236690681275
34,141,-0.801134595178
10,26,-0.991778853443
243,151,-0.963803423625
89,103,-0.354938357652
298,261,-0.202090837026
290,11,-0.558764049589
82,259,0.99060323339
139,9,-0.338333394324
151,67,-0.942524527329
46,273,-0.99177499561
140,104,-0.864536299344
96,250,0.412145950487
287,28,0.745133264557
22,12,0.52908268612
113,38,0.202149881416
3,67,0.773890681558
99,201,-0.999755839901
91,296,-0.551451828115
136,25,-0.702407785577
27,291,-0.643561205976
245,171,0.966125549876
78,137,0.980245621957
291,93,0.663656433622
60,79,0.696080131225
168,230,0.831758008719
84,157,0.784961713276
240,100,0.650310740163
24,80,-0.321622403163
51,64,0.945435334025
246,9,-0.506391634924
183,103,-0.114814758842
53,196,-0.727163193444
32,235,0.0353681772562
180,251,-0.566132485576
245,144,-0.529057106277
238,72,0.850887688656
289,122,0.521525282082
14,285,-0.521576721618
16,75,0.105987511751
119,228,0.989362632178
271,1,0.968356938435
86,261,0.989362632178
161,14,-0.801134595178
129,188,0.296339788497
207,83,0.826845633922
232,87,-0.99177499561
295,267,0.33827666045
224,222,-0.105957537139
107,14,0.998815224724
230,272,-0.609020113022
214,66,-0.387809420829
44,145,0.483317953668
261,264,-0.346677730585
121,191,-0.831791475782
296,118,-0.636714763135
185,281,0.864566597091
213,192,0.262345765308
14,240,0.451998898063
142,187,0.762538949168
261,215,-0.998813757337
195,175,-0.650264939561
13,110,-0.45990349069
16,176,-0.354938357652
87,36,-0.45990349069
38,220,0.379635626829
111,5,0.236661393364
36,281,0.296339788497
22,201,0.0530534852699
61,24,-0.176075619949
86,194,-0.387809420829
268,150,-0.167385419442
171,274,-0.893983156305
165,171,0.149847405733
4,69,-0.676771956887
27,82,0.816742606636
266,205,-0.236632105238
294,122,0.966125549876
257,104,0.27938655436
22,124,0.996469173122
277,165,0.821800661502
79,208,-0.897940948108
288,185,0.981946467414
259,96,-3.01443533595e-05
87,259,0.412145950487
85,22,0.184781744561
219,246,0.0442727929014
245,294,-0.97657789775
104,76,-0.801152635734
48,118,0.483291563728
294,9,0.986632504844
28,236,0.106017486267
211,268,0.995689783115
110,157,0.0353681772562
19,201,0.0883987124875
296,5,-0.558764049589
244,121,0.544046403911
209,136,-0.543995817374
136,5,0.363171365373
162,274,0.629864581292
159,112,0.733210818609
220,44,0.106017486267
52,151,0.933309700167
42,221,-0.779447185499
200,18,-0.942524527329
146,48,-0.702386329268
4,290,-0.966109989263
261,97,-0.141090165312
255,267,0.4755767043
62,295,-0.909284881935
262,269,-0.0707823048574
104,240,-0.999990339506
261,20,-0.985151436329
81,73,-0.0619203372561
278,225,0.3383617608
280,155,0.993891981024
69,275,-0.999990339506
163,176,-0.287874448508
241,167,-0.395897468961
90,118,0.609067930191
42,259,-0.558764049589
54,138,-0.354938357652
143,44,-0.997171023392
291,230,-0.483265173349
18,155,-0.210810532913
172,111,0.25385251979
83,153,-0.371432089437
1,129,-0.930105950187
78,159,-0.981957869782
252,246,0.998343627044
107,193,-0.999755839901
96,92,-0.475523669012
242,186,0.676794148633
134,127,-0.245281209082
129,196,-0.988036273454
286,37,0.551401533867
177,185,-0.657009324316
212,273,0.930117021524
184,156,0.650310740163
188,298,0.811585776171
220,177,0.916533604798
15,76,0.105987511751
224,223,0.779484953024
11,117,0.721037710502
247,98,-0.543995817374
170,157,0.270934805316
250,142,0.643515060153
6,198,0.202120359313
299,278,-0.868935919429
49,126,-0.801134595178
110,63,-0.210810532913
252,97,-0.279444441784
132,182,-0.158592906029
295,149,-0.860084784379
4,149,0.806400580775
123,55,0.877575335804
51,188,0.236690681275
240,154,-0.963803423625
224,289,-0.795842349412
52,4,-0.521551002087
96,113,0.996466641766
234,183,0.739160393875
99,58,-0.0795485428747
173,187,0.958915723414
298,37,0.912932948943
18,50,-0.897927680689
37,23,-0.304810621102
7,106,-0.0971819058932
239,260,0.4909953335
149,16,0.99779727945
247,207,0.999205633358
96,77,-0.210810532913
290,158,0.948272572156
101,275,-0.836639127212
200,196,0.158652431437
97,217,-0.158592906029
109,163,0.968356938435
83,197,-0.387809420829
10,179,0.483317953668
24,94,-0.981952169044
180,196,-0.836639127212
169,197,0.999990072687
8,271,0.566082787706
159,194,0.90930997089
93,180,0.313200154871
117,162,0.566082787706
13,207,0.0883987124875
203,220,0.897914412455
59,143,0.806418406866
214,250,-0.816725212908
122,200,0.999912259872
209,234,-0.035428428179
151,256,-0.986622678341
14,116,-0.930105950187
7,55,-0.739180696649
239,177,0.966125549876
257,187,-0.860084784379
202,7,0.996466641766
11,234,-0.0442125632286
207,20,0.721058597071
25,77,0.994826791358
175,260,0.993891981024
70,87,-0.0795485428747
258,115,0.75096734161
64,72,-0.790433206723
244,288,-0.877604238953
225,144,-0.9906114771
218,231,0.245222761631
276,179,0.506339646835
247,77,-0.404065219456
162,85,0.926807185503
168,1,-0.601999867678
221,298,-0.594957007044
178,152,-0.132381629205
267,37,0.670206803781
62,35,0.379607739028
86,61,0.609044021883
241,180,0.0265812877381
213,128,0.99060323339
17,47,0.920026038197
93,134,0.721058597071
27,128,-0.873311982775
255,276,-0.0707823048574
220,34,0.451998898063
242,145,-0.551451828115
90,88,0.877575335804
47,63,-0.0442426780851
236,209,-0.893983156305
179,74,0.994823728671
49,5,-0.558789048852
286,269,0.87328261086
279,232,0.881770400761
125,113,-0.68967611318
295,205,-0.467771805322
47,218,0.894010170084
112,102,0.363199451376
174,261,0.993891981024
219,173,0.643515060153
8,3,-0.999990206551
8,278,-0.114814758842
55,20,-0.387781635409
12,186,-0.0795785916643
29,140,-0.601999867678
255,8,-0.779447185499
53,99,0.933320523749
127,122,-0.727163193444
54,14,-0.897927680689
244,110,0.841454697362
95,99,-0.702386329268
270,137,-0.986622678341
275,248,0.99717555325
198,284,-0.972637071115
145,243,-0.999911459434
298,239,0.210751598695
162,178,0.650310740163
268,251,-0.594957007044
256,223,0.995689783115
3,217,0.0883987124875
237,65,0.395952831043
14,49,0.167355700303
91,54,0.467745162045
276,95,0.28793218456
153,282,0.993891981024
244,36,-0.387809420829
286,34,-0.428155428084
142,191,-0.00882116611389
176,174,-0.958932825041
83,83,0.483291563728
73,165,-0.68967611318
80,79,0.939519731713
175,2,0.877589787777
177,244,0.0265812877381
38,42,-0.993888653923
145,262,-0.986622678341
275,97,0.961405786064
149,24,-0.210810532913
81,71,0.933320523749
133,77,0.467718518343
170,135,-0.262403941862
76,150,-0.193443817159
108,14,0.498713153896
219,203,0.855535586422
186,64,-0.970528019542
54,158,-0.998347093797
167,84,-0.321593860293
285,107,0.643515060153
145,59,0.202120359313
237,153,0.428209910519
73,196,-0.923446880243
151,8,0.939519731713
151,14,0.99779727945
94,73,-0.475550186872
172,142,-0.158592906029
119,238,-0.909284881935
248,198,-0.105957537139
182,113,-0.30478191109
252,28,-0.387809420829
270,147,0.739160393875
249,39,-0.855504370751
118,169,-0.897940948108
39,51,0.893996663601
95,53,-0.338333394324
73,39,-0.889995604367
180,192,0.961405786064
92,5,0.379607739028
240,257,0.587819393981
114,138,0.623012211004
58,211,-0.923446880243
32,129,-0.702407785577
232,276,-0.806382753952
253,264,0.978444126076
181,288,-0.784999063373
275,158,-0.513952597834
122,281,0.768273957712
69,170,0.236690681275
89,9,-0.57338187199
112,85,0.79580584292
218,80,0.436137629146
284,295,0.811638606856
101,103,0.202120359313
135,291,-0.951045337532
186,299,0.930117021524
120,203,0.551401533867
170,27,0.79580584292
264,45,0.901801374964
247,7,0.451998898063
58,25,0.9683644611
200,261,0.727121806057
131,87,-0.942524527329
107,26,0.868965756214
204,27,-0.995684189758
299,9,0.123603036
81,121,0.806418406866
199,152,-0.7567827913
256,98,0.841454697362
135,245,0.13232187087
32,245,0.514004313674
266,63,0.762538949168
41,34,-0.387781635409
71,39,-0.0442426780851
24,239,-0.779447185499
116,228,-0.999990339506
192,174,0.999990072687
273,58,-0.905591148197
266,32,0.436137629146
117,87,0.202120359313
246,227,0.981946467414
141,261,-0.123543209378
165,75,0.945445154921
150,18,-0.997173288774
130,194,-0.404065219456
91,250,0.99060323339
3,240,-0.890009348856
290,14,0.670206803781
297,289,0.995681391722
186,163,-0.279444441784
95,146,0.784961713276
247,250,0.587819393981
239,240,0.995689783115
277,268,-0.997801277005
252,260,0.0795184940129
78,23,0.452025787178
27,261,-0.855504370751
98,255,0.90930997089
230,154,0.663656433622
73,260,-0.00882116611389
61,70,-0.811603387137
6,289,-0.30478191109
59,288,0.989362632178
105,115,0.0883987124875
39,288,0.270934805316
212,258,-0.945425512269
19,228,0.926807185503
298,197,-0.980233696033
248,29,0.514004313674
24,147,0.976590867944
173,68,0.784961713276
195,125,-0.428155428084
128,30,0.795824096527
207,49,-0.999208034107
80,196,-0.444085660041
287,2,-0.0265210202858
101,107,0.609067930191
19,76,0.683261714736
253,25,0.999521091849
183,12,0.219454667994
130,145,-0.99388532592
14,93,0.184781744561
164,85,-0.727163193444
174,279,0.573406568644
285,84,-0.9906114771
233,215,0.948272572156
243,272,-0.219395848565
49,134,0.708680408239
64,94,0.795824096527
17,171,-0.475523669012
139,226,0.544046403911
276,289,-0.467691874215
34,75,0.816742606636
3,136,0.696080131225
204,176,0.13232187087
214,273,-0.0531136889739
186,31,-0.228081609414
110,152,-0.948291709522
29,41,0.773890681558
46,105,0.202149881416
119,244,-0.989353860169
140,133,0.313200154871
145,57,0.806418406866
246,183,0.985141083712
198,246,-0.860084784379
249,105,0.841454697362
112,55,-0.475550186872
156,62,-0.942524527329
2,135,-0.942514454558
98,241,-0.287874448508
183,223,-0.670251547297
162,258,-0.826811724307
32,174,-0.974641903125
285,67,0.141149850679
242,162,0.953743591158
106,84,0.997799278681
90,83,-0.210810532913
22,63,-0.176075619949
86,238,-0.404065219456
178,121,-0.521576721618
134,69,0.933309700167
286,141,-0.253794205503
263,204,0.889981859069
17,37,-0.558789048852
46,12,0.992872648085
191,103,-0.966109989263
157,157,-0.158592906029
114,85,-0.881798836068
36,247,0.25385251979
94,189,0.25385251979
286,44,-0.132381629205
184,140,-0.404065219456
255,83,-0.961389196822
82,296,0.846236465698
299,52,-0.7567827913
216,242,-0.622965051315
72,142,0.363199451376
95,138,0.498739281803
127,67,-0.702386329268
230,46,-0.444085660041
185,244,0.985141083712
167,125,0.167325981012
203,283,0.811585776171
297,62,0.756822198628
84,198,-0.676749764526
286,234,-0.997795279313
200,21,0.885938797879
177,176,0.90930997089
202,189,0.991782710375
218,206,0.11475486862
251,286,0.210751598695
211,233,-0.860084784379
52,197,-0.727163193444
77,56,0.868965756214
124,201,-0.988036273454
295,138,-0.513952597834
248,91,-0.287874448508
21,119,0.98023965944
98,115,-0.58777061982
232,186,-0.167385419442
16,114,-0.930105950187
216,13,0.329962369732
51,46,0.379607739028
203,285,-0.868980673423
87,89,0.0707522360803
49,283,-0.846204341884
261,195,-0.452052675883
177,171,0.656963872524
119,30,-0.974648648094
10,163,-0.210810532913
63,286,-0.279444441784
104,173,0.514004313674
66,16,0.313228782433
116,43,0.939519731713
168,64,-0.459876723232
260,13,0.313200154871
98,146,-0.864536299344
26,278,0.670206803781
250,181,-0.566132485576
270,104,-0.149907013456
286,140,-0.951045337532
288,132,-0.826811724307
129,119,0.184752119222
267,283,-0.21948407741
234,249,-0.721016823278
212,143,-3.01443533595e-05
282,163,-0.893983156305
40,278,-0.643561205976
166,300,0.864566597091
144,56,-0.873297297214
106,82,-0.475523669012
300,16,0.963787348067
215,189,0.953743591158
88,291,0.905565574993
165,202,0.536547480325
16,292,0.123603036
194,16,0.467718518343
49,136,0.346621180094
295,74,-0.9906114771
62,111,-0.210810532913
128,138,0.860054026465
15,295,0.850887688656
219,51,-0.176045946471
81,206,-0.897940948108
4,298,0.395952831043
94,143,-0.981957869782
242,105,0.989362632178
94,129,0.0530534852699
77,157,0.998816691203
7,250,-0.573357174816
36,146,-0.2107810659
136,79,0.980245621957
196,122,-0.643561205976
